116746
116747
116748
116749
11675
116750
116751
116752
116753
116754
116755
116756
116757
116758
116759
11676
116760
116761
116762
116763
116764
116765
116766
116767
116768
116769
11677
116770
116771
116772
116773
116774
116775
116776
116777
116778
116779
11678
116780
116781
116782
116783
116784
116785
116786
116787
116788
116789
11679
116790
116791
116792
116793
116794
116795
116796
116797
116798
116799
1168
11680
116800
116801
116802
116803
116804
116805
116806
116807
116808
116809
11681
116810
116811
116812
116813
116814
116815
116816
116817
116818
116819
11682
116820
116821
116822
116823
116824
116825
116826
116827
116828
116829
11683
116830
116831
116832
116833
116834
116835
116836
116837
116838
116839
11684
116840
116841
116842
116843
116844
116845
116846
116847
116848
116849
11685
116850
116851
116852
116853
116854
116855
116856
116857
116858
116859
11686
116860
116861
116862
116863
116864
116865
116866
116867
116868
116869
11687
116870
116871
116872
116873
116874
116875
116876
116877
116878
116879
11688
116880
116881
116882
116883
116884
116885
116886
116887
116888
116889
11689
116890
116891
116892
116893
116894
116895
116896
116897
116898
116899
1169
11690
116900
116901
116902
116903
116904
116905
116906
116907
116908
116909
11691
116910
116911
116912
116913
116914
116915
116916
116917
116918
116919
11692
116920
116921
116922
116923
116924
116925
116926
116927
116928
116929
11693
116930
116931
116932
116933
116934
116935
116936
116937
116938
116939
11694
116940
116941
116942
116943
116944
116945
116946
116947
116948
116949
11695
116950
116951
116952
116953
116954
116955
116956
116957
116958
116959
11696
116960
116961
116962
116963
116964
116965
116966
116967
116968
116969
11697
116970
116971
116972
116973
116974
116975
116976
116977
116978
116979
11698
116980
116981
116982
116983
116984
116985
116986
116987
116988
116989
11699
116990
116991
116992
116993
116994
116995
116996
116997
116998
116999
117
1170
11700
117000
117001
117002
117003
117004
117005
117006
117007
117008
117009
11701
117010
117011
117012
117013
117014
117015
117016
117017
117018
117019
11702
117020
117021
117022
117023
117024
117025
117026
117027
117028
117029
11703
117030
117031
117032
117033
117034
117035
117036
117037
117038
117039
11704
117040
117041
117042
117043
117044
117045
117046
117047
117048
117049
11705
117050
117051
117052
117053
117054
117055
117056
117057
117058
117059
11706
117060
117061
117062
117063
117064
117065
117066
117067
117068
117069
11707
117070
117071
117072
117073
117074
117075
117076
117077
117078
117079
11708
117080
117081
117082
117083
117084
117085
117086
117087
117088
117089
11709
117090
117091
117092
117093
117094
117095
117096
117097
117098
117099
1171
11710
117100
117101
117102
117103
117104
117105
117106
117107
117108
117109
11711
117110
117111
117112
117113
117114
117115
117116
117117
117118
117119
11712
117120
117121
117122
117123
117124
117125
117126
117127
117128
117129
11713
117130
117131
117132
117133
117134
117135
117136
117137
117138
117139
11714
117140
117141
117142
117143
117144
117145
117146
117147
117148
117149
11715
117150
117151
117152
117153
117154
117155
117156
117157
117158
117159
11716
117160
117161
117162
117163
117164
117165
117166
117167
117168
117169
11717
117170
117171
117172
117173
117174
117175
117176
117177
117178
117179
11718
117180
117181
117182
117183
117184
117185
117186
117187
117188
117189
11719
117190
117191
117192
117193
117194
117195
117196
117197
117198
117199
1172
11720
117200
117201
117202
117203
117204
117205
117206
117207
117208
117209
11721
117210
117211
117212
117213
117214
117215
117216
117217
117218
117219
11722
117220
117221
117222
117223
117224
117225
117226
117227
117228
117229
11723
117230
117231
117232
117233
117234
117235
117236
117237
117238
117239
11724
117240
117241
117242
117243
117244
117245
117246
117247
117248
117249
11725
117250
117251
117252
117253
117254
117255
117256
117257
117258
117259
11726
117260
117261
117262
117263
117264
117265
117266
117267
117268
117269
11727
117270
117271
117272
117273
117274
117275
117276
117277
117278
117279
11728
117280
117281
117282
117283
117284
117285
117286
117287
117288
117289
11729
117290
117291
117292
117293
117294
117295
117296
117297
117298
117299
1173
11730
117300
117301
117302
117303
117304
117305
117306
117307
117308
117309
11731
117310
117311
117312
117313
117314
117315
117316
117317
117318
117319
11732
117320
117321
117322
117323
117324
117325
117326
117327
117328
117329
11733
117330
117331
117332
117333
117334
117335
117336
117337
117338
117339
11734
117340
117341
117342
117343
117344
117345
117346
117347
117348
117349
11735
117350
117351
117352
117353
117354
117355
117356
117357
117358
117359
11736
117360
117361
117362
117363
117364
117365
117366
117367
117368
117369
11737
117370
117371
117372
117373
117374
117375
117376
117377
117378
117379
11738
117380
117381
117382
117383
117384
117385
117386
117387
117388
117389
11739
117390
117391
117392
117393
117394
117395
117396
117397
117398
117399
1174
11740
117400
117401
117402
117403
117404
117405
117406
117407
117408
117409
11741
117410
117411
117412
117413
117414
117415
117416
117417
117418
117419
11742
117420
117421
117422
117423
117424
117425
117426
117427
117428
117429
11743
117430
117431
117432
117433
117434
117435
117436
117437
117438
117439
11744
117440
117441
117442
117443
117444
117445
117446
117447
117448
117449
11745
117450
117451
117452
117453
117454
117455
117456
117457
117458
117459
11746
117460
117461
117462
117463
117464
117465
117466
117467
117468
117469
11747
117470
117471
117472
117473
117474
117475
117476
117477
117478
117479
11748
117480
117481
117482
117483
117484
117485
117486
117487
117488
117489
11749
117490
117491
117492
117493
117494
117495
117496
117497
117498
117499
1175
11750
117500
117501
117502
117503
117504
117505
117506
117507
117508
117509
11751
117510
117511
117512
117513
117514
117515
117516
117517
117518
117519
11752
117520
117521
117522
117523
117524
117525
117526
117527
117528
117529
11753
117530
117531
117532
117533
117534
117535
117536
117537
117538
117539
11754
117540
117541
117542
117543
117544
117545
117546
117547
117548
117549
11755
117550
117551
117552
117553
117554
117555
117556
117557
117558
117559
11756
117560
117561
117562
117563
117564
117565
117566
117567
117568
117569
11757
117570
117571
117572
117573
117574
117575
117576
117577
117578
117579
11758
117580
117581
117582
117583
117584
117585
117586
117587
117588
117589
11759
117590
117591
117592
117593
117594
117595
117596
117597
117598
117599
1176
11760
117600
117601
117602
117603
117604
117605
117606
117607
117608
117609
11761
117610